Loaded 8 correspondences from correspondences/hdr_campanile/points_01_02.csv

=== Correspondence visualization saved to ===
 outputs/campanile_01_02_correspondences.png

=== First few rows of A (2N×9) ===
[[   -2167.    -4541.       -1.        0.        0.        0.  1805111.
   3782653.      833.]
 [       0.        0.        0.    -2167.    -4541.       -1.  9961699.
  20874977.     4597.]
 [   -3011.    -4442.       -1.        0.        0.        0.  5025359.
   7413698.     1669.]
 [       0.        0.        0.    -3011.    -4442.       -1. 13293565.
  19611430.     4415.]
 [   -3215.    -5198.       -1.        0.        0.        0.  5954180.
   9626696.     1852.]
 [       0.        0.        0.    -3215.    -5198.       -1. 16441510.
  26582572.     5114.]
 [   -3175.    -4191.       -1.        0.        0.        0.  5788025.
   7640193.     1823.]
 [       0.        0.        0.    -3175.    -4191.       -1. 13204825.
  17430369.     4159.]]

=== Homography H (p2 ~ H p1) ===
 [[    1.290306    -0.006082 -1782.799716]
 [    0.230369     1.213563  -594.572715]
 [    0.000078     0.000002     1.      ]]

Reprojection errors (px): [3.845 1.599 3.218 1.264 1.469 1.407 2.674 2.352]
Stats: {'mean': 2.228, 'median': 1.975, 'max': 3.845, 'min': 1.264}